1.0 0.8414709848078965 0.5403023058681398
1.0990990990990992 0.890798353300357 0.45439882675615756
1.1981981981981982 0.9313846765383315 0.36403651507724827
1.2972972972972974 0.9628316972879336 0.2701020597804413
1.3963963963963963 0.9848308386075099 0.1735172018205364
1.4954954954954955 0.997166231788815 0.0752296894855691
1.5945945945945947 0.9997168345896511 -0.0237960214752016
1.6936936936936937 0.9924576189726111 -0.1225882316668914
1.7927927927927927 0.9754598166951245 -0.22017753294356393
1.8918918918918919 0.9488902203409265 -0.3156063208197008
1.990990990990991 0.9130095466516513 -0.40793819105710855
2.09009009009009 0.8681698782185134 -0.49626712822234303
2.1891891891891895 0.8148112086377265 -0.57972639605104
2.288288288288288 0.7534571250306602 -0.6574970423815851
2.3873873873873874 0.6847096702944182 -0.7288159352026472
2.4864864864864864 0.6092434354975115 -0.7929832509600625
2.5855855855855854 0.5277989403895572 -0.8493693416433516
2.684684684684685 0.441175366979401 -0.8974209132678995
2.7837837837837838 0.35022271748413136 -0.9366664551258523
2.8828828828828827 0.255833473599867 -0.9667208665306786
2.981981981981982 0.15893383893853852 -0.9872892356550125
3.081081081081081 0.06047465056510063 -0.9981697333815672
3.18018018018018 -0.03857795118340727 -0.9992555937709284
3.279279279279279 -0.1372520030436378 -0.9905361617126904
3.3783783783783785 -0.23457925630974438 -0.9720969974797614
3.4774774774774775 -0.32960467786773134 -0.9441190371598854
3.5765765765765765 -0.4213958215505317 -0.9068768172027293
3.675675675675676 -0.5090519778564727 -0.8607357805043387
3.774774774774775 -0.5917130122486343 -0.8061486904632715
3.873873873873874 -0.6685678053084328 -0.7436511881958271
3.972972972972973 -0.7388622119235982 -0.6738565365056333
4.072072072072072 -0.8019064614102449 -0.597449602182895
4.171171171171171 -0.857081925954618 -0.5151801356825813
4.27027027027027 -0.9038471909585293 -0.4278554141253514
4.36936936936937 -0.9417433677226192 -0.33633231981250256
4.468468468468469 -0.9703985963362363 -0.2415089319852628
4.5675675675675675 -0.9895316945888819 -0.14431571433511906
4.666666666666666 -0.9989549170979283 -0.04570638473858134
4.7657657657657655 -0.9985757975783968 0.053351443191995106
4.864864864864865 -0.9883980561773497 0.15188575491084352
4.963963963963964 -0.9685215629695858 0.24892967292580984
5.063063063063063 -0.9391413579728446 0.3435309443775354
5.162162162162162 -0.9005457372987103 0.43476128511301726
5.261261261261262 -0.8531134242190522 0.5217254885639031
5.36036036036036 -0.7973098529071809 0.6035702100477869
5.45945945945946 -0.7336826013198706 0.6794923402956856
5.558558558558558 -0.662856018035544 0.7487468860396433
5.657657657657658 -0.5855250957732758 0.8106542803314469
5.756756756756757 -0.5024486517093238 0.8646070508592227
5.8558558558558556 -0.41444188150997424 0.9100757808284278
5.954954954954955 -0.32236836014498554 0.9466143039155033
6.054054054054054 -0.22713156797443043 0.9738640823182035
6.153153153153153 -0.12966602526001722 0.9915577249425616
6.252252252252252 -0.03092812209436536 0.9995216112039379
6.351351351351352 0.06811326626954882 0.9976775946958484
6.45045045045045 0.16648628660080117 0.9860437700091593
6.54954954954955 0.26322564409462634 0.9647342951771587
6.648648648648649 0.35738207442132364 0.933958271488781
6.747747747747748 0.448031658474579 0.8940176916619258
6.846846846846847 0.534284888417324 0.8453044765106167
6.945945945945946 0.6152953960636688 0.7882966291839976
7.045045045045045 0.6902682579488352 0.7235535447140594
7.1441441441441444 0.7584677955927617 0.6517105208976273
7.243243243243243 0.8192247944165569 0.5734725243751002
7.342342342342342 0.8719430704754741 0.4896072730769042
7.441441441441442 0.916105320571699 0.4009377029168303
7.54054054054054 0.9512781983421618 0.3083338926535496
7.63963963963964 0.9771165665117625 0.21270452615838795
7.738738738738739 0.9933668835863616 0.11498797586669594
7.837837837837838 0.9998696917532874 0.016143094907296894
7.936936936936937 0.996561181576591 -0.08286019173685688
8.036036036036036 0.9834738181333266 -0.18105040471166162
8.135135135135135 0.9607360224468326 -0.27746404302727046
8.234234234234235 0.9285709113429843 -0.37115503850501563
8.333333333333332 0.8872941080946953 -0.4612040391631877
8.432432432432432 0.837310645337933 -0.5467274304475441
8.531531531531531 0.7791109906496911 -0.6268860057848291
8.63063063063063 0.7132662337873101 -0.7008932013786882
8.72972972972973 0.640422482814834 -0.7680228144432193
8.82882882882883 0.5612945241049564 -0.827616129138256
8.927927927927929 0.47665880842839947 -0.8790883802824483
9.027027027027026 0.3873458319554077 -0.9219344914183291
9.126126126126126 0.2942319869315078 -0.9557340309240521
9.225225225225225 0.19823096199359388 -0.9801553375394608
9.324324324324325 0.10028477651153822 -0.9949587748243798
9.423423423423424 0.0013545369317447013 -0.9999990826144295
9.522522522522523 -0.09758899417308968 -0.9952268024004803
9.621621621621621 -0.1955749238058874 -0.9806887626450714
9.72072072072072 -0.29164175552691346 -0.9565276192735785
9.81981981981982 -0.38484682423085087 -0.9229804558491087
9.91891891891892 -0.47427554613959755 -0.8803764571670386
10.018018018018019 -0.5590503932443072 -0.8291336790972765
10.117117117117116 -0.6383395041341002 -0.7697549463704868
10.216216216216216 -0.7113648467168593 -0.7028229185616384
10.315315315315315 -0.7774098527345978 -0.6289943726864103
10.414414414414415 -0.8358264491590096 -0.5489937585130105
10.513513513513514 -0.8860414174709232 -0.4636060898285494
10.612612612612613 -0.9275620184226285 -0.3736692414151041
10.711711711711711 -0.9599808270895415 -0.28006572732214113
10.81081081081081 -0.9829797307668023 -0.1837140411117906
10.90990990990991 -0.9963330504810474 -0.08555964305167851
11.00900900900901 -0.9999097554872293 0.013434317305671236
11.108108108108109 -0.9936747490205131 0.1122964521212506
11.207207207207206 -0.9776892126866866 0.21005666710696624
11.306306306306306 -0.9521100061117168 0.3057556806699534
11.405405405405405 -0.9171881277414556 0.3984544369562514
11.504504504504505 -0.8732662518950406 0.48724332042747137
11.603603603603604 -0.8207753662398972 0.5712510815515035
11.702702702702704 -0.7602305426834441 0.649653386023067
11.801801801801801 -0.6922258831800373 0.7216809036240445
11.9009009009009 -0.617428690047907 0.7866268573508824
12.0 -0.5365729180004349 0.8438539587324921
12.0990990990991 -0.45045197214432675 0.8928006612851979
12.198198198198199 -0.35991092261503815 0.9329866707420809
12.297297297297298 -0.2658382122440943 0.964017657987064
12.396396396396396 -0.1691569386276231 0.9855891284476156
12.495495495495495 -0.07081579614163981 0.9974894099772817
12.594594594594595 0.028220233213535745 0.9996017299091542
12.693693693693694 0.12697934879277342 0.9919053608989938
12.792792792792794 0.2244924671942317 0.9744758243143063
12.891891891891891 0.3198027314842435 0.947484149173598
12.99099099099099 0.41197490044880525 0.9111951939075387
13.09009009009009 0.5001045257387032 0.865965047409921
13.18918918918919 0.5833268268566837 0.8122375348808454
13.288288288288289 0.6608251768999693 0.7505398627488911
13.387387387387388 0.7318391157909607 0.6814774454068929
13.486486486486486 0.7956718123655154 0.6057279645244852
13.585585585585585 0.8516969020963476 0.5240347192309728
13.684684684684685 0.899364633355706 0.43719933242052916
13.783783783783784 0.9382072619065556 0.3460738847497796
13.882882882882884 0.9678436406882756 0.25155255351370254
13.981981981981981 0.9879829598591654 0.15456283844418367
14.08108108108108 0.998427600396228 0.056056460528917045
14.18018018018018 0.999075073251001 -0.04299997684309888
14.27927927927928 0.9899190250332881 -0.14163447277108898
14.378378378378379 0.9710493003544167 -0.2388791666956285
14.477477477477478 0.9426510602182734 -0.33377983562427055
14.576576576576576 0.9050029651109928 -0.4254052575372232
14.675675675675675 0.8584744406179022 -0.5128563490937592
14.774774774774775 0.8035220523991338 -0.5952749879747038
14.873873873873874 0.7406850260947918 -0.6718524332909405
14.972972972972974 0.6705799561210521 -0.741837261431837
15.072072072072071 0.5938947552776412 -0.8045427394823166
15.17117117117117 0.5113819045367518 -0.8593535638562072
15.27027027027027 0.4238510692505164 -0.905731898022364
15.36936936936937 0.3321611542311915 -0.9432226500778078
15.468468468468469 0.23721187566437013 -0.9714579383811691
15.567567567567568 0.13993493255663264 -0.9901607014269809
15.666666666666666 0.041284864348666135 -0.9991474165385767
15.765765765765765 -0.05777031559560023 -0.9983299007021601
15.864864864864865 -0.15625861871402136 -0.9877161758711791
15.963963963963964 -0.2532136189782979 -0.9674103902501323
16.063063063063062 -0.3476839360431247 -0.9376117963302085
16.16216216216216 -0.4387425707581252 -0.8986127957048862
16.26126126126126 -0.5254960014369288 -0.8507960698509364
16.36036036036036 -0.6070929516254022 -0.7946308250293069
16.45945945945946 -0.6827327433344328 -0.7306681881531722
16.55855855855856 -0.7516731537703668 -0.6595357988016347
16.65765765765766 -0.8132376984681731 -0.5819316504454701
16.756756756756758 -0.8668222693608779 -0.4986172413184862
16.855855855855857 -0.9119010626485756 -0.41041010214223356
16.954954954954957 -0.94803173829922 -0.31817577402649505
17.054054054054053 -0.9748597605530985 -0.22281931526318696
17.153153153153152 -0.9921218768393695 -0.12527642035405973
17.25225225225225 -0.999648700967445 -0.026504238417652135
17.35135135135135 -0.9973663752454218 0.07252801892929706
17.45045045045045 -0.9852972952158463 0.1708485880548543
17.54954954954955 -0.9635598898972813 0.2674926888367965
17.64864864864865 -0.9323674596880722 0.36151199166114956
17.74774774774775 -0.8920260833354979 0.45198392299851925
17.846846846846848 -0.8429316145083708 0.5380207182463435
17.945945945945947 -0.7855657974445119 0.6187781330051734
18.045045045045047 -0.7204915397886852 0.6934637273087393
18.144144144144143 -0.64834738900673 0.7613446415179895
18.243243243243242 -0.5698412665765998 0.8217547875773992
18.34234234234234 -0.4857435214402027 0.8741013850686151
18.44144144144144 -0.39687937087966974 0.9178707779258242
18.54054054054054 -0.304120802992726 0.9526334747357241
18.63963963963964 -0.20837802022489368 0.97804836316368
18.73873873873874 -0.11059050791970014 0.9938660571515976
18.83783783783784 -0.011717815527609058 0.9999313440428103
18.936936936936938 0.08726985906604433 0.996184707621329
19.036036036036037 0.18540118970191796 0.9826629121204857
19.135135135135137 0.281713253178826 0.9594986414703268
19.234234234234233 0.37526097803105635 0.9269191973236799
19.333333333333332 0.4651264181338188 0.8852442686366312
19.43243243243243 0.5504277601386206 0.8348827946896386
19.53153153153153 0.6303279763523033 0.7763289523311687
19.63063063063063 0.7040430381524752 0.7101573068194345
19.72972972972973 0.7708496093444235 0.6370171738450617
19.82882882882883 0.8300921439676936 0.5576262480578886
19.92792792792793 0.881189318904417 0.47276356061859254
20.027027027027028 0.9236397381687982 0.3832618348798559
20.126126126126128 0.9570268529038628 0.28999931520768846
20.225225225225227 0.9810230488075247 0.19389114912339123
20.324324324324323 0.9953928608797055 0.09588040732973228
20.423423423423422 0.9999952839454909 -0.003071170261821596
20.52252252252252 0.9947851562820849 -0.10199261169725961
20.62162162162162 0.9798136027725979 -0.19991324073652972
20.72072072072072 0.9552275332381714 -0.29587220170830203
20.81981981981982 0.9212682008711065 -0.38892788799945244
20.91891891891892 0.8782688349145117 -0.4781671816612953
21.01801801801802 0.8266513708180299 -0.5627144134680326
21.117117117117118 0.766922309955308 -0.6417399555059778
21.216216216216218 0.6996677495301349 -0.7144683619779371
21.315315315315317 0.6255476314407739 -0.7801859783403171
21.414414414414413 0.5452892665360711 -0.8382479441075615
21.513513513513512 0.45968019780718594 -0.8880845206082282
21.61261261261261 0.369560472545611 -0.9292066816009583
21.71171171171171 0.2758143992976234 -0.9612109118919173
21.81081081081081 0.17936187050089458 -0.9837831668667747
21.90990990990991 0.08114933595070999 -0.9967019540839472
22.00900900900901 -0.01785948433045805 -0.9998405066906672
22.10810810810811 -0.11669305668915753 -0.9931680273350231
22.207207207207208 -0.2143815671091757 -0.9767499903679621
22.306306306306308 -0.309966437605651 -0.9507474993698706
22.405405405405407 -0.40250973236453713 -0.9154157063060633
22.504504504504506 -0.49110336132876375 -0.8711013078233724
22.603603603603602 -0.5748779909200089 -0.8182391432556708
22.7027027027027 -0.6530115744587781 -0.7573479277207191
22.8018018018018 -0.7247374185771731 -0.689025162177765
22.9009009009009 -0.7893517064719495 -0.6139412703914122
23.0 -0.8462204041751706 -0.5328330203333975
23.0990990990991 -0.8947854820740223 -0.4464962945753967
23.1981981981982 -0.9345703906305215 -0.3557782806140848
23.2972972972973 -0.9651847365700852 -0.26156915776164286
23.396396396396398 -0.9863281136534083 -0.1647933621749044
23.495495495495497 -0.9977930504418278 -0.06640051573589072
23.594594594594597 -0.9994670461309401 0.032643892205025435
23.693693693693692 -0.9913336744756589 0.131367978787025
23.792792792792792 -0.9734727449743366 0.22880300433370698
23.89189189189189 -0.9460595197303208 0.3239928782051154
23.99099099099099 -0.9093629936755642 0.4160035405299044
24.09009009009009 -0.8637432550317597 0.5039321277584319
24.18918918918919 -0.8096479519097352 0.5869158320989231
24.28828828828829 -0.7476078997189407 0.6641403679026252
24.38738738738739 -0.6782318724897517 0.7348479619207263
24.486486486486488 -0.6022006292192409 0.7983447890278675
24.585585585585587 -0.5202602338574819 0.8540077804484911
24.684684684684687 -0.4332147344826666 0.9012907376796416
24.783783783783782 -0.3419182735013437 0.9397296921167599
24.882882882882882 -0.24726670629318417 0.9689474577906276
24.98198198198198 -0.15018881054318506 0.988657332541272
25.08108108108108 -0.05163717252052515 0.9986659113107273
25.18018018018018 0.04742116026660456 0.9988749839489269
25.27927927927928 0.1460141683184843 0.989282498910327
25.37837837837838 0.24317439817949812 0.9699825833848971
25.47747747747748 0.3379484556690161 0.9411646196659366
25.576576576576578 0.42940636115427633 0.9031113868179512
25.675675675675677 0.5166506750657451 0.8561962858796515
25.774774774774777 0.5988253041099503 0.8008796758300373
25.873873873873872 0.675123901767966 0.7377043562712625
25.972972972972972 0.7447977806488619 0.6672902411548739
26.07207207207207 0.8071632590573367 0.5903282758160402
26.17117117117117 0.8616083696866856 0.5075736570054159
26.27027027027027 0.9075988646073596 0.4198384224477694
26.36936936936937 0.9446834576265984 0.327983482643036
26.46846846846847 0.9724982525779754 0.23291017309852377
26.56756756756757 0.9907703140878299 0.13555140988681347
26.666666666666668 0.999320345780098 0.036862535316297726
26.765765765765767 0.9980644496393957 -0.06218805645789386
26.864864864864867 0.9870149492684328 -0.16062842189548188
26.963963963963963 0.9662802689614677 -0.25749260536130697
27.063063063063062 0.9360638697803977 -0.35183011765871713
27.16216216216216 0.8966622530733578 -0.4427152627969921
27.26126126126126 0.8484620510264764 -0.5292562214730641
27.36036036036036 0.7919362327980441 -0.6106038021349376
27.45945945945946 0.7276394634627674 -0.68595977375617
27.55855855855856 0.6562026613069166 -0.7545846985552517
27.65765765765766 0.5783268068814398 -0.8158051878005667
27.756756756756758 0.49477606456230694 -0.8690205095026445
27.855855855855857 0.4063702841134423 -0.9137084831550817
27.954954954954957 0.3139769558313856 -0.949430603681415
28.054054054054053 0.21850269821260912 -0.9758363443087213
28.153153153153152 0.12088436167155976 -0.9926665961455838
28.25225225225225 0.022079835605107845 -0.9997562107132175
28.35135135135135 -0.07694135099009426 -0.9970356204809431
28.45045045045045 -0.17520754311493847 -0.984531521504328
28.54954954954955 -0.27175449422679604 -0.9623666114675521
28.64864864864865 -0.36563482800225466 -0.930758385700479
28.74774774774775 -0.45592733455919326 -0.8900170029846337
28.846846846846848 -0.541746009918113 -0.8405422420900712
28.945945945945947 -0.6222487500021336 -0.7828195789074148
29.045045045045047 -0.6966456138649373 -0.7174154226685852
29.144144144144143 -0.7642065750629307 -0.6449715580012698
29.243243243243242 -0.8242686851105492 -0.5661988473549961
29.34234234234234 -0.876242578726567 -0.48187025559440383
29.44144144144144 -0.9196182570381007 -0.39281326520651727
29.54054054054054 -0.9539700919940204 -0.29990175654857415
29.63963963963964 -0.9789610028814891 -0.20404743281224821
29.73873873873874 -0.9943457639631571 -0.10619087384764035
29.83783783783784 -0.9999734107784972 -0.00729230663225764
29.936936936936938 -0.9957887214972189 0.09167781704935112
30.036036036036037 -0.9818327587888342 0.18974834325787088
30.135135135135137 -0.9582424668912306 0.28595694544145756
30.234234234234233 -0.9252493278320529 0.3793595673583761
30.333333333333332 -0.883177089988847 0.4690396867204649
30.43243243243243 -0.8324385912767074 0.5541173086569764
30.53153153153153 -0.7735317081361821 0.6337576007496244
30.63063063063063 -0.7070344700724049 0.7071790849066688
30.72972972972973 -0.6335993876845033 0.773661305692499
30.82882882882883 -0.5539470498420472 0.8325518998664843
30.92792792792793 -0.46885905283686524 0.8832729977605551
31.027027027027028 -0.3791703308936113 0.9253268936813785
31.126126126126128 -0.28576096329669176 0.9583009296957542
31.225225225225227 -0.18954753852691433 0.9818715448766137
31.324324324324326 -0.0914741601481056 0.9958074502760053
31.423423423423422 0.007496817300689189 0.9999718984703321
31.52252252252252 0.10639423150248874 0.9943240254077113
31.62162162162162 0.20424764198679835 0.9789192513904468
31.72072072072072 0.30009685267087927 0.9539087372579373
31.81981981981982 0.39300133387695174 0.9195379011062766
31.91891891891892 0.4820494513708953 0.8761440100993779
32.01801801801802 0.5663674118616048 0.8241528710022112
32.11711711711712 0.6451278371824225 0.7640746519106164
32.21621621621622 0.7175578830196596 0.6964988761773737
32.31531531531532 0.7829468225223938 0.6220886376571165
32.414414414414416 0.8406530203786393 0.5415740940335598
32.513513513513516 0.8901102289240882 0.4557453020763981
32.61261261261261 0.930833144502243 0.3654444651326197
32.711711711711715 0.9624221695536362 0.27155766892443267
32.81081081081081 0.9845673337056194 0.17500618674723306
32.90990990990991 0.9970513353867451 0.07673743938592376
33.009009009009006 0.9997516741194914 -0.022284301543332812
33.108108108108105 0.9926418525680961 -0.12108737560199302
33.207207207207205 0.9757916365462265 -0.21870226804136475
33.306306306306304 0.9493663704331682 -0.31417112326016283
33.4054054054054 0.9136253547160632 -0.4065571438555074
33.5045045045045 0.8689193015787261 -0.49495378303831444
33.6036036036036 0.8156868935043196 -0.5784936402116041
33.7027027027027 0.7544504786609331 -0.6563569724230016
33.8018018018018 0.685810945309513 -0.7277797381719775
33.9009009009009 0.6104418255295122 -0.7920610946411877
34.0 0.5290826861200238 -0.8485702747846052
34.0990990990991 0.4425318715288226 -0.8967527767903468
34.1981981981982 0.35163867002002747 -0.9361358051834927
34.2972972972973 0.2572949799506232 -0.9663329101775476
34.3963963963964 0.16042655793131372 -0.9870477797504591
34.4954954954955 0.061983934749975135 -0.9980771472350777
34.5945945945946 -0.037066911803907046 -0.9993127858930463
34.693693693693696 -0.135754035690003 -0.9907425709001695
34.792792792792795 -0.2331090599319438 -0.9724505983224265
34.891891891891895 -0.32817667891034036 -0.9446163599151665
34.990990990990994 -0.42002403239184405 -0.9075129818428468
35.090090090090094 -0.5077498593106793 -0.86150454460205
35.18918918918919 -0.5904933414802792 -0.8070425104462926
35.288288288288285 -0.6674425504552407 -0.7446612933688735
35.387387387387385 -0.737842414657978 -0.674973015113704
35.486486486486484 -0.8010021285917914 -0.5986614986713437
35.585585585585584 -0.8563019314368385 -0.516475558199553
35.68468468468468 -0.9031991885132932 -0.42922165121173556
35.78378378378378 -0.9412337159367804 -0.33775596513435585
35.88288288288288 -0.9700322962173825 -0.24297601588476248
35.98198198198198 -0.9893123404924627 -0.14581184090918453
36.08108108108108 -0.9988846614572935 -0.047216873100071464
36.18018018018018 -0.9986553297838351 0.05184141485665293
36.27927927927928 -0.98862659581138 0.15039100390117158
36.37837837837838 -0.9688968674648798 0.24746486663109019
36.47747747747748 -0.9396597446176349 0.3421104563516308
36.57657657657658 -0.9012021193737586 0.4333990540324767
36.67567567567568 -0.8539013609115742 0.520434881453349
36.77477477477478 -0.7982216125119461 0.6023638911146887
36.873873873873876 -0.7347092371073116 0.6783821466615938
36.972972972972975 -0.663987456042406 0.7477437115872884
37.072072072072075 -0.5867502336543612 0.8097679688074557
37.171171171171174 -0.5037554676803286 0.8638462992814019
37.270270270270274 -0.41581755231241324 0.9094480541454325
37.36936936936937 -0.32379938687566234 0.9461257617563033
37.468468468468465 -0.2286039085447391 0.9735195185501258
37.567567567567565 -0.13116523218527826 0.9913605206310074
37.666666666666664 -0.032439484261193516 0.9994737014353443
37.765765765765764 0.06660457924902663 0.9977794495894672
37.86486486486486 0.1649950788643263 0.9862943901039662
37.96396396396396 0.2617665482627681 0.9651312212391618
38.06306306306306 0.355969408013473 0.9344976086424928
38.16216216216216 0.4466792834169009 0.8946941476092062
38.26126126126126 0.5330060750212594 0.8461114134618629
38.36036036036036 0.6141026928097199 0.7892261289920974
38.45945945945946 0.6891733683533798 0.7245964865719794
38.55855855855856 0.7574814633661661 0.652856670837215
38.65765765765766 0.8183566980394751 0.5747106356888895
38.75675675675676 0.8712017282278162 0.49092519667752477
38.85585585585586 0.9154980069461846 0.4023225065511048
38.95495495495496 0.9508108726626545 0.3097719878014817
39.054054054054056 0.9767938144568257 0.2141818013718356
39.153153153153156 0.9931918721918431 0.11648993523932272
39.252252252252255 0.9998441383354731 0.017655000317059053
39.351351351351354 0.996685336880872 -0.08135317600845555
39.450450450450454 0.9837464638737355 -0.17956306640264638
39.54954954954955 0.9611544832605937 -0.2760109767890783
39.648648648648646 0.9291310810427718 -0.3697505026910583
39.747747747747745 0.8879904899609875 -0.4598618159173963
39.846846846846844 0.8381364060561145 -0.54546069046572
39.945945945945944 0.7800580273626111 -0.6257071790759252
40.04504504504504 0.7143252536053547 -0.6998138552941386
40.14414414414414 0.6415830940033076 -0.7670535401711819
40.24324324324324 0.5625453380539859 -0.8267664377765506
40.34234234234234 0.47798755140477356 -0.8783666095099865
40.44144144144144 0.3887394655397732 -0.9213477236808324
40.54054054054054 0.2956768359591289 -0.955288023936864
40.63963963963964 0.1997128487432281 -0.9798544677894082
40.73873873873874 0.10178915982570301 -0.9948059946250714
40.83783783783784 0.0028666549032357043 -0.9999958911363915
40.93693693693694 -0.09608397934855213 -0.9953732309604006
41.03603603603604 -0.19409178023226617 -0.980983374398501
41.13513513513514 -0.2901950366943967 -0.956967523314108
41.234234234234236 -0.383450726208323 -0.923561335575667
41.333333333333336 -0.4729437682743343 -0.88109261264096
41.432432432432435 -0.5577960037358018 -0.829978082973502
41.531531531531535 -0.6371748118010897 -0.7707193128540675
41.630630630630634 -0.7103012802158417 -0.7038977847129059
41.72972972972973 -0.7764578484150368 -0.6301691912769869
41.828828828828826 -0.8349953486556368 -0.5502570015215177
41.927927927927925 -0.8853393760380543 -0.46494536156041877
42.027027027027025 -0.9269959249099257 -0.37507140013654927
42.126126126126124 -0.959556236344513 -0.2815170142146885
42.22522522522522 -0.982700809127321 -0.18520021528202524
42.32432432432432 -0.9962025348927577 -0.08706612127138728
42.42342342342342 -0.999928926647002 0.011922317500156543
42.52252252252252 -0.9938434188094833 0.11079376737469454
42.62162162162162 -0.9780057260161877 0.20857804265921548
42.72072072072072 -0.9525712571639996 0.30431562566683507
42.81981981981982 -0.9177895904458254 0.39706708207717745
42.91891891891892 -0.8740020243403654 0.4859222792267744
43.01801801801802 -0.821638228587683 0.5700093168741143
43.11711711711712 -0.7612120280132004 0.6485030828053407
43.21621621621622 -0.6933163605717546 0.7206333493278927
43.31531531531532 -0.6186174590863976 0.7856923312044538
43.414414414414416 -0.5378483137741911 0.843041630864253
43.513513513513516 -0.4518014797085973 0.892118502741156
43.612612612612615 -0.3613212997959385 0.9324413752691231
43.711711711711715 -0.267295619578722 0.9636145763499155
43.810810810810814 -0.1706470751651281 0.9853322159239426
43.90990990990991 -0.07232403977269751 0.9973811875461444
44.00900900900901 0.02670868227586368 0.9996432595136562
44.108108108108105 0.12547932278868523 0.9920962350258633
44.207207207207205 0.22301868527441107 0.9748141699926572
44.306306306306304 0.31836965527674593 0.9479666463536394
44.4054054054054 0.410596592152932 0.9118171080388867
44.5045045045045 0.4987945101383116 0.8667202758998325
44.6036036036036 0.5820979586069318 0.8131186669765015
44.7027027027027 0.6596895143897654 0.751538252256128
44.8018018018018 0.7308078028188522 0.6825832955318213
44.9009009009009 0.7947549687900856 0.6069304240054786
45.0 0.8509035245341184 0.5253219888177297
45.0990990990991 0.8987025069009693 0.43855878065535675
45.1981981981982 0.9376828837393785 0.34749217191499904
45.2972972972973 0.9674621563202913 0.25301576252892277
45.3963963963964 0.9877481126427414 0.1560566114290012
45.4954954954955 0.9983416947924566 0.05756613969101521
45.5945945945946 0.9991389522169525 -0.041489205376945996
45.693693693693696 0.9901320617504125 -0.14013743359244682
45.792792792792795 0.9714094043792613 -0.23741054964665914
45.891891891891895 0.9431546979951623 -0.3323540516522316
45.990990990990994 0.9056451946453836 -0.42403629728565134
46.090090090090094 0.8592489599701892 -0.5115576456179187
46.18918918918919 0.8044212615230397 -0.5940592849284331
46.288288288288285 0.7417001014135646 -0.6707316598783064
46.387387387387385 0.6717009371096536 -0.7408224153506785
46.486486486486484 0.5951106422013775 -0.8036437790082519
46.585585585585584 0.5126807663872369 -0.8585793101260916
46.68468468468468 0.4252201608198451 -0.9050899484760313
46.78378378378378 0.33358704117552973 -0.9427193039074544
46.88288288288288 0.23868056632975707 -0.9710981347199192
46.98198198198198 0.14143201527344246 -0.9899479708831636
47.08108108108108 0.04279564884751248 -0.9990838465512895
47.18018018018018 -0.05626065403416559 -0.9984161150580694
47.27927927927928 -0.1547648937905161 -0.9879513285835544
47.37837837837838 -0.2517504880134342 -0.9677921738601721
47.47747747747748 -0.34626575615142924 -0.9381364645492035
47.57657657657658 -0.4373832579673554 -0.899275200175042
47.67567567567568 -0.5242088941357055 -0.8515897106641324
47.77477477477478 -0.6058906796789758 -0.7955479145080758
47.873873873873876 -0.681627104152905 -0.7316997272680406
47.972972972972975 -0.75067499654546 -0.6606716654749722
48.072072072072075 -0.8123568177144836 -0.583160698875359
48.171171171171174 -0.8660673088062523 -0.4999274113479832
48.270270270270274 -0.9112794304166916 -0.4117885376008299
48.36936936936937 -0.947549534216655 -0.3196089488825369
48.468468468468465 -0.9745217162941886 -0.22429316634937632
48.567567567567565 -0.9919313094961986 -0.12677648536363775
48.666666666666664 -0.9996074805005543 -0.028015797817197124
48.765765765765764 -0.9974749061346412 0.07101979746302337
48.86486486486486 -0.9855545124912972 0.16935850409129616
48.96396396396396 -0.9639632695894965 0.2660353639693933
49.06306306306306 -0.932913043594692 0.36010172603153184
49.16216216216216 -0.8927085178615135 0.4506345549749818
49.26126126126126 -0.8437442031987955 0.536745488633514
49.36036036036036 -0.786500566693995 0.6175895551173324
49.45945945945946 -0.7215393170832879 0.6923734641817105
49.55855855855856 -0.6494978929301058 0.7603633914644713
49.65765765765766 -0.5710832076973974 0.820892179208726
49.75675675675676 -0.48706471309069854 0.8733658828130828
49.85585585585586 -0.39826684873862983 0.9172695989706633
49.95495495495496 -0.30556095229906577 0.9521725182077501
50.054054054054056 -0.2098567093738416 0.977732152243539
50.153153153153156 -0.11209322713054057 0.9936976946896179
50.252252252252255 -0.013229819222312943 0.9999124821119821
50.351351351351354 0.0857634075704046 0.9963155313061784
50.450450450450454 0.1839150726067781 0.9829421377009145
50.54954954954955 0.28026205315234426 0.9599235290182404
50.648648648648646 0.37385893511426427 0.9274855775887991
50.747747747747745 0.4637872900088473 0.8859465839576613
50.846846846846844 0.5491646871300992 0.8357141535293633
50.945945945945944 0.6291533524866539 0.7772811969003265
51.04504504504504 0.7029683895403249 0.7112210931258169
51.14414414414414 0.7698854810795264 0.6381820633823441
51.24324324324324 0.829247996652175 0.558880810234485
51.34234234234234 0.8804734358156978 0.47409548492144515
51.44144144144144 0.9230591439791314 0.3846580516725384
51.54054054054054 0.9565872447500555 0.2914461239774814
51.63963963963964 0.9807287403872308 0.1953743529188919
51.73873873873874 0.9952467401228491 0.09738545206981428
51.83783783783784 0.9999987846761725 -0.0015590529746651216
51.93693693693694 0.9949382441490453 -0.10048825966059323
52.03603603603604 0.980114775586292 -0.1984314155506443
52.13513513513514 0.9556738357111493 -0.29442744392657993
52.234234234234236 0.921855253617058 -0.38753437444777683
52.333333333333336 0.8789908774214197 -0.4768385863265711
52.432432432432435 0.8275013179737528 -0.5614637733208635
52.531531531531535 0.7678918215709305 -0.6405795425741274
52.630630630630634 0.7007473121788802 -0.7134095629258659
52.72972972972973 0.6267266518094272 -0.7792391827364336
52.82882882882883 0.5465561753728903 -0.8374224424755754
52.927927927927925 0.46102256344632087 -0.8873884132629765
53.027027027027025 0.3709651228940043 -0.9286467991632967
53.126126126126124 0.27726755108747214 -0.9607927482625772
53.22522522522522 0.18084926453929648 -0.9835108253169335
53.32432432432432 0.0826563770393772 -0.9965781069914813
53.42342342342342 -0.016347584178400026 -0.9998663693171854
53.52252252252252 -0.11519113314061402 -0.9933433459009937
53.62162162162162 -0.2129043579346623 -0.9770730445429499
53.72072072072072 -0.3085284380634907 -0.9512151191534451
53.81981981981982 -0.40112505296473183 -0.9160233031337364
53.91891891891892 -0.4897855893722462 -0.871842919592332
54.01801801801802 -0.573640057171937 -0.8191074928284913
54.11711711711712 -0.6518656262641387 -0.7583344943329838
54.21621621621622 -0.7236947006637898 -0.6901202650488881
54.31531531531532 -0.7884224506104972 -0.6151341637182396
54.414414414414416 -0.8454137287789332 -0.5341119987344418
54.513513513513516 -0.8941093027235776 -0.4478488079510292
54.612612612612615 -0.9340313424013391 -0.3571910572956053
54.711711711711715 -0.964788108925205 -0.2630283347408162
54.810810810810814 -0.9860777985400708 -0.16628462113607365
54.90990990990991 -0.9976915041013645 -0.06790922355583841
55.00900900900901 -0.9995152649966678 0.03113253986813615
55.108108108108105 -0.9915311853952804 0.12986881222460647
55.207207207207205 -0.9738176098527931 0.22733073426308456
55.306306306306304 -0.9465483545475388 0.32256195141917593
55.4054054054054 -0.9099910016924797 0.4146279981365434
55.5045045045045 -0.8645042738587863 0.5026254674008198
55.6036036036036 -0.8105345139758092 0.585690875508573
55.7027027027027 -0.7486113055477871 0.663009135084908
55.8018018018018 -0.6793422760643386 0.733821553207402
55.9009009009009 -0.603407134596777 0.7974332761540034
56.0 -0.5215510020869119 0.8532201077225842
56.0990990990991 -0.434577099775527 0.9006346342167236
56.1981981981982 -0.3433388675160374 0.9392115959957079
56.2972972972973 -0.24873158931313927 0.9685724528798865
56.3963963963964 -0.15168360826166583 0.9884290986129058
56.4954954954955 -0.05314721708991477 0.9985866879322984
56.5945945945946 0.04591068630512652 0.9989455485075212
56.693693693693696 0.14451808663718976 0.9895021589843681
56.792792792792795 0.2417073892250136 0.9703491835386001
56.891891891891895 0.33652491460901607 0.9416745625997309
56.990990990990994 0.4280402566235039 0.9037596686673316
57.090090090090094 0.5153554120974289 0.8569765453160835
57.18918918918919 0.5976135925976148 0.8017842564821113
57.288288288288285 0.6740076317483669 0.7387243818535827
57.387387387387385 0.743787905629854 0.6684157025674632
57.486486486486484 0.806269688535508 0.591548129359611
57.585585585585584 0.8608398719094632 0.5088759327487389
57.68468468468468 0.9069629805337311 0.42121034168378485
57.78378378378378 0.9441864269307211 0.3294115832811561
57.88288288288288 0.9721449524217673 0.23438044176270284
57.98198198198198 0.990564211263346 0.1370494194231594
58.08108108108108 0.999263462691297 0.0383735863609193
58.18018018018018 0.9981573444571042 -0.060678791239952894
58.27927927927928 0.9872567104532409 -0.15913575231558025
58.37837837837838 0.9666685242082961 -0.2560311783844987
58.47747747747748 0.9365948092969745 -0.35041427367897576
58.57657657657658 0.8973306669641722 -0.441358894920714
58.67567567567568 0.8492613804153848 -0.527972639191611
58.77477477477478 0.7928586341878782 -0.6094056007239614
58.873873873873876 0.7286758857004109 -0.6848587106832488
58.972972972972975 0.6573429343986236 -0.7535915781085979
59.072072072072075 0.5795597417868845 -0.8149297550709016
59.171171171171174 0.49608956298812784 -0.8682713547585503
59.270270270270274 0.4077514572289188 -0.9130929575501572
59.36936936936937 0.31541225074134016 -0.9489547471203682
59.468468468468465 0.2199780309465091 -0.9755048261802176
59.567567567567565 0.12238525538383443 -0.9924826695034195
59.666666666666664 0.02359156263060988 -0.9997216803554108
59.765765765765764 -0.0754336246194491 -0.9971508252399794
59.86486486486486 -0.17371861211042053 -0.984795330922334
59.96396396396396 -0.2702989688683223 -0.9627764368890224
60.06306306306306 -0.3642269907735997 -0.93131020567371
60.16216216216216 -0.4545809999997319 -0.8907054027226082
60.26126126126126 -0.5404743890663123 -0.8413604666035815
60.36036036036036 -0.6210643207609567 -0.7837595992890495
60.45945945945946 -0.6955599985612099 -0.7184680148771618
60.55855855855856 -0.763230426402134 -0.6461263933736314
60.65765765765766 -0.8234115816461071 -0.5674445939570281
60.75675675675676 -0.8755129308693682 -0.48319468941672866
60.85585585585586 -0.9190232245285244 -0.3942033901137756
60.95495495495496 -0.9535155136462883 -0.3013439318052631
61.054054054054056 -0.9786513392897352 -0.205527506933762
61.153153153153156 -0.9941840537314146 -0.10769432346308563
61.252252252252255 -0.999961240704102 -0.00880437899643932
61.351351351351354 -0.9959262110002065 0.09017195929318655
61.450450450450454 -0.9821185587401194 0.18826347648503294
61.54954954954955 -0.958673772851067 0.2845076400511956
61.64864864864865 -0.9258219075688691 0.3779600448004266
61.747747747747745 -0.8838853250084362 0.4677036799456801
61.846846846846844 -0.8332755319542341 0.5528579273614409
61.945945945945944 -0.7744891419100599 0.6325872027344681
62.04504504504504 -0.7081030020308509 0.706109154815951
62.14414414414414 -0.6347685327540212 0.7727023423190246
62.24324324324324 -0.5552053356732285 0.8317133131313804
62.34234234234234 -0.4701941323779302 0.882563016377508
62.44144144144144 -0.38056910354705253 0.9247524844115818
62.54054054054054 -0.2872097034701582 0.9578677289858887
62.63963963963964 -0.1910320303169174 0.981583803550668
62.73873873873874 -0.09297983683495141 0.995667991823653
62.83783783783784 0.005984730315553431 0.999982091341165
62.93693693693694 0.10489057171928255 0.9944837695831954
63.03603603603604 0.20276716421300836 0.979226979365364
63.13513513513514 0.29865408423827594 0.9543614294216823
63.234234234234236 0.3916104320907371 0.9201311153730789
63.333333333333336 0.48072406458977224 0.876871925496699
63.432432432432435 0.5651205455719335 0.8250083447896028
63.531531531531535 0.6439717263806239 0.7650492896685539
63.630630630630634 0.7165038721551258 0.6975831141783114
63.72972972972973 0.7820052541789784 0.623271836710493
63.82882882882883 0.8398331337870498 0.5428446438838863
63.927927927927925 0.8894200693010352 0.4570907353300237
64.02702702702703 0.9302794841059863 0.36685157959520903
64.12612612612612 0.9620104412305122 0.27301265714884954
64.22522522522522 0.9843015775797439 0.17649477152036958
64.32432432432432 0.9969341592158831 0.07824501382529196
64.42342342342343 0.9997842277061861 -0.02077253065817707
64.52252252252252 0.9928238164771199 -0.11958624266948986
64.62162162162161 0.976121225239072 -0.21722650307403332
64.72072072072072 0.9498403497888115 -0.3127352073449169
64.81981981981983 0.914239073766097 -0.40517516705655715
64.91891891891892 0.8696667381454434 -0.4936393061370466
65.01801801801801 0.8165607132939048 -0.5772595616401252
65.11711711711712 0.7554421072319271 -0.6552154016970188
65.21621621621621 0.6869106522103783 -0.7267418770649677
65.31531531531532 0.6116388197795958 -0.7911371272659521
65.41441441441441 0.5303652220971422 -0.8477692676606348
65.51351351351352 0.4438873642242748 -0.8960825898777556
65.61261261261261 0.3530538185302612 -0.9356030147563663
65.71171171171171 0.2587558979935908 -0.965942744293641
65.8108108108108 0.16191891010701442 -0.9868040669503529
65.90990990990991 0.06349307720790397 -0.9979822789742667
66.009009009009 -0.03555578767050018 -0.9993676930755417
66.10810810810811 -0.1342557579332793 -0.9909467147439164
66.2072072072072 -0.23163833054771893 -0.9728019756461568
66.30630630630631 -0.3267479295733803 -0.9451115227948019
66.4054054054054 -0.4186512828436014 -0.9081470714446018
66.50450450450451 -0.506446579789274 -0.8622713388601911
66.6036036036036 -0.5892723205424287 -0.8079344851177855
66.70270270270271 -0.6663157694873606 -0.7456696958657141
66.8018018018018 -0.7368209303076038 -0.6760879503885847
66.90090090090091 -0.8000959642732107 -0.599872026313714
67.0 -0.8555199789753223 -0.5177697997895051
67.0990990990991 -0.9025491208932314 -0.4305869068781067
67.1981981981982 -0.9407219120097492 -0.3391788381734947
67.29729729729729 -0.9696637781090652 -0.24444254421694583
67.3963963963964 -0.9890907243225493 -0.14730763408287723
67.49549549549549 -0.9988121218559469 -0.04872725349966977
67.5945945945946 -0.9987325785529312 0.050331267985350044
67.69369369369369 -0.9888528749398792 0.14889590902081784
67.7927927927928 -0.969269956566881 0.24599949450524616
67.89189189189189 -0.9401759827201366 0.34068918608641735
67.990990990991 -0.9018564408402968 0.43203583198025625
68.09009009009009 -0.8546873451492916 0.5191430843627368
68.1891891891892 -0.7991315469742576 0.6011561948699605
68.28828828828829 -0.7357341929740453 0.6772704018992933
68.38738738738739 -0.6651173758346832 0.7467388274107519
68.48648648648648 -0.5879740299246217 0.808879805740136
68.58558558558559 -0.5050611318089436 0.8630835725095624
68.68468468468468 -0.4171922723434757 0.9088182479995036
68.78378378378379 -0.32522967323549873 0.9456350562701928
68.88288288288288 -0.23007572640970358 0.9731727288190145
68.98198198198199 -0.1326641391997888 0.9911610495627736
69.08108108108108 -0.033950772254781415 0.9994235063591931
69.18018018018019 0.06509573993641651 0.9978790230494529
69.27927927927928 0.1635034938648012 0.9865427550258544
69.37837837837839 0.2603068538988424 0.9655259405180612
69.47747747747748 0.35455592767767813 0.9350348090571928
69.57657657657657 0.44532588702214826 0.8953685578285273
69.67567567567568 0.5317260429009727 0.8469164157701
69.77477477477477 0.6129085854032381 0.7901538242260184
69.87387387387388 0.6880769029554757 0.7256377716321007
69.97297297297297 0.7564933991499101 0.6540013280128832
70.07207207207207 0.8174867304808465 0.575947432920519
70.17117117117117 0.870458393967868 0.4922419977723153
70.27027027027027 0.9148886000244573 0.40370639027056376
70.36936936936937 0.9503413729436779 0.3112093746523799
70.46846846846847 0.9764688289521408 0.21565858685625014
70.56756756756756 0.9930145898532372 0.11799162825644463
70.66666666666667 0.9998162987630929 0.019166865358470637
70.76576576576576 0.9968072132532217 -0.07984597426511889
70.86486486486487 0.9840168602670878 -0.17807531752071273
70.96396396396396 0.9615707463841111 -0.2745572794487582
71.06306306306307 0.9296891262741683 -0.36834512143854103
71.16216216216216 0.8886848414273036 -0.45851854119253266
71.26126126126127 0.8389602503662241 -0.5441927032820658
71.36036036036036 0.7810032804643113 -0.6245269216807104
71.45945945945947 0.715382640110881 -0.698732909077557
71.55855855855856 0.6427422382050116 -0.7660825120228316
71.65765765765765 0.5637948657369455 -0.8259148560043339
71.75675675675676 0.4793152014573765 -0.8776428303426597
71.85585585585585 0.3901322102671007 -0.9207588492716792
71.95495495495496 0.2971210089184266 -0.9548398326731538
72.05405405405405 0.20119427884725297 -0.9795513575913893
72.15315315315316 0.10329331039783797 -0.994650939790968
72.25225225225225 0.004378766320094224 -0.9999904131568033
72.35135135135135 -0.0945787448269459 -0.9955173835885336
72.45045045045045 -0.19260819286565808 -0.9812757431227094
72.54954954954955 -0.2887476543277523 -0.9574052392379211
72.64864864864865 -0.38205375142150605 -0.9241401035691256
72.74774774774775 -0.4716109090179684 -0.8818067534869789
72.84684684684684 -0.5565403388206229 -0.8308205890957604
72.94594594594595 -0.6360086625608965 -0.7716819170795047
73.04504504504504 -0.7092360896031662 -0.7049710413941905
73.14414414414415 -0.7755040687161057 -0.6313425689788117
73.24324324324324 -0.8341623389262631 -0.5515189863613638
73.34234234234235 -0.8846353102670177 -0.4662835701896189
73.44144144144144 -0.9264277118108963 -0.37647270125312776
73.54054054054055 -0.9591294515636506 -0.2829676574154913
73.63963963963964 -0.9824196405316844 -0.18668596598993706
73.73873873873875 -0.9960697414764692 -0.08857240041344619
73.83783783783784 -0.9999458114583395 0.010410290434135943
73.93693693693693 -0.9940098161645989 0.10929082929697319
74.03603603603604 -0.9783200031248914 0.20709894129548898
74.13513513513513 -0.9530303301516784 0.30287487484270276
74.23423423423424 -0.9183889546142506 0.395678819299876
74.33333333333333 -0.874735798370498 0.4846001269594628
74.43243243243244 -0.822499212250665 0.5687662488641845
74.53153153153153 -0.7621917728233264 0.6473512967782136
74.63063063063063 -0.6944052526880251 0.7195841472957002
74.72972972972973 -0.6198048136493027 0.7847560085639059
74.82882882882883 -0.5391224797518908 0.8422273753720976
74.92792792792793 -0.45314995422384574 0.8914343043583899
75.02702702702703 -0.3627308508117321 0.9318939477587549
75.12612612612612 -0.2687524157389967 0.9632092913974893
75.22522522522523 -0.1721368215162297 0.9850730504273729
75.32432432432432 -0.07383211803405552 0.9972706845920045
75.42342342342343 0.025197070268495485 0.999682503422904
75.52252252252252 0.1239790098747574 0.9922848407138319
75.62162162162163 0.2215443934199377 0.9751502867477361
75.72072072072072 0.31693585111355027 0.948446975997567
75.81981981981983 0.4092173450234664 0.9124369372904328
75.91891891891892 0.49748335403881616 0.867473522624345
76.01801801801801 0.5808677593838234 0.8139979398674277
76.11711711711712 0.6585523434922691 0.752534923362923
76.21621621621621 0.7297748188467011 0.683687584922576
76.31531531531532 0.7938363079987218 0.6081314957334132
76.41441441441441 0.8501082013716642 0.5266080572500139
76.51351351351352 0.8980383255531147 0.4399172261207306
76.61261261261261 0.9371563615500226 0.34890966453556893
76.71171171171171 0.9670784598394979 0.254478393020831
76.8108108108108 0.9875110069294456 0.15755002758867565
76.90990990990991 0.998253506469473 0.0590756872275049
77.009009009009 0.9992005466407542 -0.03997833904526381
77.10810810810811 0.9903428345197404 -0.13864007398802888
77.2072072072072 0.9717672872658721 -0.2359413897558626
77.30630630630631 0.9436561792385112 -0.3309275077490158
77.4054054054054 0.9062853534121281 -0.42266636747043657
77.50450450450451 0.8600215146403255 -0.5102577724599208
77.6036036036036 0.8053186313289319 -0.5928422235590982
77.70270270270271 0.742713480826929 -0.6696093528303999
77.8018018018018 0.6728203822467065 -0.7398058753709623
77.90090090090091 0.5963251683981083 -0.8027429809938968
78.0 0.5139784559875352 -0.8578030932449878
78.0990990990991 0.4265882801186123 -0.9044459294316296
78.1981981981982 0.3350121653694437 -0.9422138021990956
78.29729729729729 0.2401487112494201 -0.9707361106321546
78.3963963963964 0.14292877460439785 -0.9897329768124761
78.49549549549549 0.044306335493644655 -0.9990179921478515
78.5945945945946 -0.05475086383213148 -0.9985000465246036
78.69369369369369 -0.15327081499538203 -0.9881842223344043
78.7927927927928 -0.25028678141832583 -0.9681717446028133
78.89189189189189 -0.34484678451928574 -0.9386589877089067
78.990990990991 -0.436022945094979 -0.8999355484426098
79.09009009009009 -0.5229205882251021 -0.8523814043081378
79.1891891891892 -0.6046870223568785 -0.7964631849578307
79.28828828828829 -0.6805199064235377 -0.7327295933434786
79.38738738738739 -0.7496751228939571 -0.6618060215153155
79.48648648648648 -0.811474079498035 -0.5843884139019329
79.58558558558559 -0.8653103679792458 -0.5012364382879823
79.68468468468468 -0.9106557145344129 -0.41316603150043435
79.78378378378379 -0.947065163551709 -0.32104139294921885
79.88288288288288 -0.9741814437807088 -0.2257665045867824
79.98198198198199 -0.9917384740912331 -0.1282762604973838
80.08108108108108 -0.9995639744202185 -0.029527293158310215
80.18018018018019 -0.9975811562865693 0.06951141360921607
80.27927927927928 -0.9858094762855675 0.16786803288766824
80.37837837837839 -0.9643644451691423 0.26457743080922885
80.47747747747748 -0.9334564943854252 0.35869063702537946
80.57657657657657 -0.8933889111997336 0.44928415657059895
80.67567567567568 -0.8445548626588627 0.5354690317462528
80.77477477477477 -0.7874335376013262 0.6163995651042113
80.87387387387388 -0.7225854445703424 0.6912816179351804
80.97297297297297 -0.650646911769446 0.7593804028317315
81.07207207207207 -0.5723238430301899 0.8200276938611003
81.17117117117117 -0.48838479106240296 0.8726283835968969
81.27027027027027 -0.3996534159560811 0.9166663226685245
81.36936936936937 -0.30700040293695036 0.9517093845268891
81.46846846846847 -0.2113349186831266 0.9774137057281304
81.56756756756756 -0.11359569003899733 0.9935270601269822
81.66666666666667 -0.014741792666890371 0.9998913338703194
81.76576576576576 0.08425675997578767 0.9964440769046613
81.86486486486487 0.18242853498781172 0.9832191157733868
81.96396396396396 0.2788102123036036 0.9603462216905003
82.06306306306307 0.3724560373649349 0.9280498371479897
82.16216216216216 0.462447101429164 0.8866468735521287
82.26126126126127 0.5479003584505191 0.836543601499523
82.36036036036036 0.6279772900549807 0.7782316642075178
82.45945945945947 0.7018921335832654 0.7122832532173781
82.55855855855856 0.7689195924630524 0.6393454937093508
82.65765765765765 0.8284019532520337 0.5601340945239947
82.75675675675676 0.8797555395148323 0.47542632519977923
82.85585585585585 0.9224764392046274 0.3860533889403789
82.95495495495496 0.9561454493490441 0.29289226635251847
83.05405405405405 0.9804321895199369 0.1968571099887997
83.15315315315316 0.9950983437234282 0.09889027413699421
83.25225225225225 0.999999998898688 -4.693212270985115e-05
83.35135135135135 0.9950890570788206 -0.09898367785642127
83.45045045045045 0.9804137073568255 -0.19694913664914837
83.54954954954955 0.9561179530254417 -0.2929820129332847
83.64864864864865 0.9224401985308849 -0.38613997479450585
83.74774774774775 0.8797109101060656 -0.4755089006952002
83.84684684684684 0.828349373038659 -0.5602118493806254
83.94594594594595 0.7688595773934982 -0.6394176649501415
84.04504504504504 0.7018252725612314 -0.7123491326550158
84.14414414414415 0.6279042391607316 -0.7782906053936298
84.24324324324324 0.5478218345030411 -0.8365950260680031
84.34234234234235 0.462363874952309 -0.88669027689441
84.44144144144144 0.37236892502658053 -0.9280847933645658
84.54054054054055 0.27872006890202033 -0.960372387770105
84.63963963963964 0.1823362450638721 -0.983236234958826
84.73873873873875 0.08416322913332298 -0.9964519812122669
84.83783783783784 -0.014835646647415398 -0.9998899457383063
84.93693693693693 -0.11368894620628028 -0.9935163931765321
85.03603603603604 -0.2114266619520077 -0.9773938646297261
85.13513513513513 -0.30708973306767645 -0.9516805639732395
85.23423423423424 -0.3997394563881058 -0.9166288054640993
85.33333333333333 -0.4884666975156146 -0.8725825378829152
85.43243243243244 -0.5724008117895958 -0.819973969503064
85.53153153153153 -0.6507181875716046 -0.7593193270051316
85.63063063063063 -0.7226503280145524 -0.6912137899524718
85.72972972972973 -0.7874913920124778 -0.6163256505340744
85.82882882882883 -0.8446051203349516 -0.5353897558825551
85.92792792792793 -0.8934310789824228 -0.4492002973154669
86.02702702702703 -0.9334901584992692 -0.3586030172558638
86.12612612612612 -0.9643892752817519 -0.26448691030283017
86.22522522522523 -0.9858252287490541 -0.16777549988563664
86.32432432432432 -0.9975876765283569 -0.06941777610061024
86.42342342342343 -0.9995611984598021 0.029621116346353706
86.52252252252252 -0.9917264291679935 0.12836934871573086
86.62162162162163 -0.9741602480866237 0.2258579443982604
86.72072072072072 -0.9470350250715828 0.3211302870918074
86.81981981981983 -0.9106169290050053 0.41325150769173613
86.91891891891892 -0.8652633159873266 0.5013176577845784
87.01801801801803 -0.8114192227458393 0.5844645797296342
87.11711711711712 -0.7496129996686873 0.6618763862895493
87.21621621621621 -0.6804511263153784 0.732793466603062
87.31531531531532 -0.6046122602772925 0.7965199399402274
87.41441441441441 -0.5228405777842701 0.8524304840995602
87.51351351351352 -0.435938471403089 0.8999764714428584
87.61261261261261 -0.34475867648265934 0.9386913523570594
87.71171171171171 -0.25019590360559296 0.9681952333176305
87.8108108108108 -0.15317805915392313 0.988198604630586
87.90990990990991 -0.05465714013761079 0.9985051812744777
88.009009009009 0.04440010736835464 0.9990138289661853
88.10810810810811 0.14302167451370834 0.9897195565508923
88.2072072072072 0.2402398276039312 0.9707135649782759
88.30630630630631 0.3351006040811154 0.9421823523843309
88.4054054054054 0.42667317337399335 0.9044058840603406
88.50450450450451 0.5140589707633222 0.8577548452662648
88.6036036036036 0.5964005146352532 0.8026870038457113
88.70270270270271 0.6728898206029484 0.7397427183345111
88.8018018018018 0.7427763299316613 0.6695396356402299
88.90090090090091 0.8053742744692178 0.5927666303219008
89.0 0.8600694058124533 0.5101770449416689
89.0990990990991 0.9063250226793252 0.4225812978177341
89.1981981981982 0.9436872373422454 0.3308389307160823
89.29729729729729 0.9717894294454843 0.2358501745134399
89.3963963963964 0.9903558435029518 0.13854711559450425
89.49549549549549 0.9992042947756512 0.0398845496639192
89.5945945945946 0.9982479569771194 -0.05916938727929515
89.69369369369369 0.9874962142647753 -0.15764271887003564
89.7927927927928 0.9670545691569634 -0.2545691659895987
89.89189189189189 0.937123607279271 -0.3489976284731555
89.990990990991 0.8979970290985951 -0.4400015178724919
90.09009009009009 0.8500587679588553 -0.5266878496949337
90.1891891891892 0.7937792226977671 -0.6082060059004093
90.28828828828829 0.729710641812671 -0.6837560816733843
90.38738738738739 0.6584817044685162 -0.7525967345665524
90.48648648648648 0.580791351522642 -0.8140524589954279
90.58558558558559 0.49740192709973313 -0.8675202147025001
90.68468468468468 0.4091316980162319 -0.9124753441481884
90.78378378378379 0.3168468244577311 -0.9484767207639055
90.88288288288288 0.2214528606982302 -0.9751710775492525
90.98198198198199 0.12388586926087256 -0.9922964735387696
91.08108108108108 0.0251032357137422 -0.9996848641230397
91.18018018018019 -0.07392572576900622 -0.997263750002739
91.27927927927928 -0.17222928389639808 -0.9850568885950364
91.37837837837839 -0.26884282546830796 -0.9631840609116291
91.47747747747748 -0.36281832073594716 -0.9318598961959611
91.57657657657657 -0.45323362603583534 -0.8913917658529321
91.67567567567568 -0.5392015324139084 -0.8421767673371742
91.77477477477477 -0.6198784714494099 -0.7846978275957842
91.87387387387388 -0.6944727928519353 -0.7195189643007562
91.97297297297297 -0.7622525326066091 -0.647279751370928
92.07207207207207 -0.8225525954420709 -0.568689043090785
92.17117117117117 -0.8747812811422668 -0.4845180184091137
92.27027027027027 -0.9184260906622861 -0.3955926136706678
92.36936936936937 -0.9530587550748956 -0.3027854180357605
92.46846846846847 -0.9783394380009823 -0.20700711111438164
92.56756756756756 -0.9940200702869509 -0.10919752683428863
92.66666666666667 -0.9999467842073851 -0.010316431229312058
92.76576576576576 -0.9960614233070127 0.08866589535784304
92.86486486486487 -0.9824021130665705 0.18677817924569542
92.96396396396396 -0.959102886792831 0.28305768413109383
93.06306306306307 -0.9263923704037615 0.3765596580326945
93.16216216216216 -0.8845915390145537 0.466366603761315
93.26126126126127 -0.8341105673381306 0.5515972819502122
93.36036036036036 -0.7754448048060355 0.6314153583017518
93.45945945945947 -0.7091699149040248 0.7050376101989299
93.55855855855856 -0.6359362264183386 0.7717416121531893
93.65765765765765 -0.5564623520213358 0.8308728246746808
93.75675675675676 -0.47152813681496186 0.8818510170044658
93.85585585585585 -0.3819670060250763 0.9241759606851064
93.95495495495496 -0.2886577869354906 0.9574323381009777
94.05405405405405 -0.19251608531009576 0.9812938178226112
94.15315315315316 -0.09448530092237908 0.9955262567655397
94.25225225225225 0.004472629646259198 0.9999899977420011
94.35135135135135 0.10338667210263609 0.9946412398606554
94.45045045045045 0.20128622280987113 0.9795324683270764
94.54954954954955 0.2972106329298402 0.9548119394275733
94.64864864864865 0.39021863488297664 0.9207222257500175
94.74774774774775 0.4793975786278139 0.8775978359167649
94.84684684684684 0.5638723871279435 0.8258619321863883
94.94594594594595 0.6428141431304245 0.7660221781329168
95.04504504504504 0.7154482229966411 0.6986657571478285
95.14414414414415 0.7810618977719901 0.6244536106459929
95.24324324324324 0.8390113269078039 0.5441139525139989
95.34234234234235 0.8887278760092653 0.45843512344066734
95.44144144144144 0.9297236966155019 0.36825785524765964
95.54054054054055 0.9615965132599886 0.2744670211268239
95.63963963963964 0.9840335708375403 0.17798295273626524
95.73873873873875 0.9968147035441556 0.07975240935656548
95.83783783783784 0.9998144952753016 -0.019260712276388408
95.93693693693693 0.9930035102836214 -0.11808483630172689
96.03603603603604 0.9764485820200488 -0.2157502414159389
96.13513513513513 0.950312157324101 -0.3112985763571896
96.23423423423424 0.9148507023984879 -0.40379226382013966
96.33333333333333 0.8704121862096487 -0.49232370052409613
96.43243243243244 0.8174326660084734 -0.5760241631583519
96.53153153153153 0.756432008476279 -0.6540723328138429
96.63063063063063 0.6880087884825086 -0.7257023542547115
96.72972972972973 0.6128344155108288 -0.7902113509470113
96.82882882882883 0.5316465453883632 -0.8469663221029624
96.92792792792793 0.44524184196641664 -0.8954103540625117
97.02702702702703 0.35446815977906126 -0.9350680850627113
97.12612612612612 0.2602162243883723 -0.9655503697710753
97.22522522522523 0.16341089205334092 -0.9865580978119491
97.32432432432432 0.06500207448822391 -0.9978851288160513
97.42342342342343 -0.03404458223840984 -0.9994203151928682
97.52252252252252 -0.13275717319928856 -0.9911485927771547
97.62162162162163 -0.23016707151992974 -0.9731511286475187
97.72072072072072 -0.3253184331236961 -0.9456045246665983
97.81981981981983 -0.4172775760446313 -0.9087790845581323
97.91891891891892 -0.5051421422722147 -0.8630361615254819
98.01801801801803 -0.588049952226979 -0.8088246124382268
98.11711711711712 -0.6651874649811699 -0.7466763933806431
98.21621621621621 -0.7357977612081029 -0.6772013397809721
98.31531531531532 -0.799187970526442 -0.6010811823421416
98.41441441441441 -0.8547360703580066 -0.5190628574931488
98.51351351351352 -0.9018969895847199 -0.4319511780028152
98.61261261261261 -0.9402079571117673 -0.34060093567651434
98.71171171171171 -0.9692930428539096 -0.24590851362856259
98.8108108108108 -0.9888668465858677 -0.14880309043605927
98.90990990990991 -0.9987372984597522 -0.05023752248385542
99.009009009009 -0.9988075437090554 0.048821006031044924
99.10810810810811 -0.9890768930454544 0.1474004736883525
99.2072072072072 -0.9696408294225194 0.24453355989885853
99.30630630630631 -0.9406900710999584 0.3392671368316644
99.4054054054054 -0.9025087002022151 0.43067162207337084
99.50450450450451 -0.8554713751350321 0.5178501002457923
99.6036036036036 -0.8000396542135445 0.5999471240750072
99.70270270270271 -0.7367574665764843 0.6761571085508165
99.8018018018018 -0.6662457748288059 0.7457322358077088
99.90090090090091 -0.5891964817858157 0.8079897931602954
100.0 -0.5063656411097588 0.8623188722876839

